0 1
0 0
1 2
1 3
1 0
0 1
4 0
2 8
3 0
1 6
0 1
4 1
2 8
3 1
1 6
0 1
4 2
2 8
3 2
1 6
0 1
4 3
2 8
1 2
1 2
4 0
2 0
3 0
1 3
2 2
1 2
4 2
2 1
4 1
<<<<<<< HEAD
2 8
3 2
1 6
0 1
4 2
2 8
3 1
=======
1 3
1 3
2 3
3 3
1 6
0 1
4 4
2 8
4 0
2 4
3 3
>>>>>>> c0bef19062d83688ece73383a41ba7f48b892c33
1 6
0 1
4 5
2 8
4 0
2 6
4 1
1 6
0 1
4 6
2 8
1 2
1 2
4 0
2 7
4 1
1 3
2 2
1 2
4 2
2 1
4 1
1 3
2 3
4 2
1 3
1 6
0 1
4 7
2 8
4 0
2 11
4 1
1 6
0 1
4 8
2 8
4 0
2 12
4 2
1 6
0 1
4 9
2 8
4 0
2 13
4 1
1 6
0 1
4 10
2 8
4 0
2 14
4 1
1 6
4 0
2 15
4 1
1 6
4 0
2 16
3 0
1 6
4 2
2 17
3 3
1 6
4 1
2 3
2 8
3 3
1 6
1 1
